-4 0.000535661
-3.9 0.000519789
-3.8 0.000607082
-3.7 0.000603114
-3.6 0.000626921
-3.5 0.000672552
-3.4 0.000617002
-3.3 0.000726118
-3.2 0.000751909
-3.1 0.000866977
-3 0.000924511
-2.9 0.000980061
-2.8 0.000964189
-2.7 0.0010991
-2.6 0.00108521
-2.5 0.00125781
-2.4 0.0013828
-2.3 0.00167642
-2.2 0.00192838
-2.1 0.00224382
-2 0.00269219
-1.9 0.00332308
-1.8 0.00399365
-1.7 0.00477532
-1.6 0.006172
-1.5 0.0075429
-1.4 0.00981251
-1.3 0.0127368
-1.2 0.0168674
-1.1 0.0226942
-1 0.0302232
-0.9 0.0405336
-0.8 0.0550818
-0.7 0.0745164
-0.6 0.0994266
-0.5 0.130755
-0.4 0.170168
-0.3 0.218952
-0.2 0.274887
-0.1 0.344001
0 0.420055
0.1 0.505533
0.2 0.595268
0.3 0.691056
0.4 0.789949
0.5 0.890213
0.6 0.993542
0.7 1.10195
0.8 1.20791
0.9 1.30454
1 1.39511
1.1 1.46642
1.2 1.51171
1.3 1.53442
1.4 1.54057
1.5 1.51878
1.6 1.48345
1.7 1.42802
1.8 1.37241
1.9 1.30537
2 1.24053
2.1 1.17481
2.2 1.11646
2.3 1.06102
2.4 1.01133
2.5 0.96832
2.6 0.931601
2.7 0.904124
2.8 0.883592
2.9 0.871921
3 0.865475
3.1 0.870588
3.2 0.883263
3.3 0.902965
3.4 0.924116
3.5 0.955252
3.6 0.991962
3.7 1.02782
3.8 1.06599
3.9 1.10186
4 1.1332
4.1 1.15979
4.2 1.17622
4.3 1.18586
4.4 1.18268
4.5 1.18149
4.6 1.17197
4.7 1.16038
4.8 1.14889
4.9 1.13293
5 1.12441
5.1 1.10978
5.2 1.09857
5.3 1.0866
5.4 1.07586
5.5 1.07207
5.6 1.06606
5.7 1.0611
5.8 1.05842
5.9 1.05654
6 1.0579
6.1 1.05653
6.2 1.0565
6.3 1.06044
6.4 1.06126
6.5 1.06779
6.6 1.06731
6.7 1.07075
6.8 1.0755
6.9 1.07413
7 1.06997
7.1 1.07116
7.2 1.07233
7.3 1.07583
7.4 1.07765
7.5 1.07739
7.6 1.08022
7.7 1.07701
7.8 1.07868
7.9 1.08217
8 1.07831
8.1 1.08036
8.2 1.07854
8.3 1.07789
8.4 1.07556
8.5 1.07406
8.6 1.07579
8.7 1.07431
8.8 1.07383
8.9 1.07347
9 1.06938
9.1 1.06819
9.2 1.06983
9.3 1.06639
9.4 1.06559
9.5 1.06562
9.6 1.06316
9.7 1.06399
9.8 1.06264
9.9 1.06497
